2,1,80,25000000,40000000,10/01/2020,12/11/2020
1,4,50,50000000,60000000,11/11/2020,12/11/2020
3,2,80,25000000,40000000,10/01/2020,12/11/2020
4,3,80,25000000,40000000,10/01/2020,12/11/2020
5,5,80,25000000,40000000,10/01/2020,12/11/2020
6,6,80,25000000,40000000,10/01/2020,12/11/2020
7,7,8,250000,400000,10/01/2020,12/11/2020
8,8,8,250000,400000,10/01/2020,12/11/2020
9,9,8,250000,400000,10/01/2020,12/11/2020
10,10,8,250000,400000,10/01/2020,12/11/2020
11,12,8,250000,400000,10/01/2020,12/11/2020
12,11,8,250000,400000,10/01/2020,12/11/2020
13,15,8,250000,400000,10/01/2020,12/11/2020
14,14,8,250000,400000,10/01/2020,12/11/2020
15,13,8,250000,400000,10/01/2020,12/11/2020
