2,1,77,25000000,40000000,10/01/2020,12/11/2020
1,4,22,50000000,60000000,11/11/2020,12/11/2020
3,2,78,25000000,40000000,10/01/2020,12/11/2020
4,3,79,25000000,40000000,10/01/2020,12/11/2020
5,5,78,25000000,40000000,10/01/2020,12/11/2020
6,6,79,25000000,40000000,10/01/2020,12/11/2020
7,7,7,300000,400000,10/01/2020,12/11/2020
8,8,5,250000,400000,10/01/2020,12/11/2020
9,9,5,250000,400000,10/01/2020,12/11/2020
10,10,7,250000,400000,10/01/2020,12/11/2020
11,12,8,250000,400000,10/01/2020,12/11/2020
12,11,8,250000,400000,10/01/2020,12/11/2020
13,15,6,250000,400000,10/01/2020,12/11/2020
14,14,8,250000,400000,10/01/2020,12/11/2020
15,13,6,250000,400000,10/01/2020,12/11/2020
